150447034
160447004
160447005
160447006
160447007
160447008
160447009
160447010
160447011
160447012
160447014
160447015
160447017
160447018
160447019
160447020
160447021
160447022
160447023
160447024
160447026
160447027
160447028
160447030
160447031
160447032
160447033
160447034
160447036
160447037
160447038
160447039
160447040
160447041
160447042
160447043
160447044
160447046
160447047
160447049
160447050
160447052
160447057
160447058
160447059
160447062
160447063
160447065
160447067
160447068
160447069
160447070
160447071
160447072
160447073
160447074
160447075
160447076
160447077
160447078
160447080
160447081
160447082
160447083
160447084
160447085
160447086
160447087
160447088
140447001
140447002
140447003
140447039
140447060
150447016
150447019
150447026
150447027
150447028
150447031
150447035
150447037
150447044
150447050
150447053
150447055
150447059
150447061
150447065
150447073
150447074
150447079
150447082
140447059
